0.9051724137931034
[1, 518, 522, 535, 555, 47, 48, 49, 51, 564, 53, 566, 57, 60, 66, 580, 581, 70, 585, 75, 81, 598, 599, 89, 622, 629, 119, 633, 635, 124, 125, 127, 128, 129, 641, 133, 135, 136, 648, 146, 661, 155, 667, 671, 675, 167, 171, 697, 698, 188, 189, 706, 198, 202, 214, 227, 742, 749, 238, 239, 765, 772, 263, 776, 777, 783, 790, 284, 801, 303, 816, 316, 830, 319, 834, 836, 328, 840, 841, 333, 845, 849, 338, 850, 852, 344, 349, 364, 878, 887, 900, 907, 910, 404, 918, 412, 415, 416, 426, 941, 947, 436, 960, 458, 972, 464, 988, 990, 485, 491, 494, 503, 509]
[1, 518, 522, 528, 535, 47, 48, 49, 51, 564, 53, 566, 57, 60, 66, 580, 581, 70, 585, 75, 81, 598, 599, 89, 99, 622, 629, 119, 633, 635, 124, 125, 127, 129, 641, 133, 135, 136, 648, 146, 661, 155, 667, 671, 675, 167, 171, 697, 698, 188, 189, 706, 198, 202, 214, 227, 742, 238, 239, 765, 772, 263, 776, 777, 783, 784, 790, 801, 303, 816, 316, 830, 319, 834, 836, 328, 840, 841, 333, 845, 849, 338, 850, 852, 344, 349, 364, 887, 900, 907, 910, 404, 412, 415, 416, 426, 941, 436, 960, 458, 464, 988, 990, 485, 491, 494, 503, 509]

0.8916666666666667
[7, 12, 13, 533, 541, 542, 543, 554, 563, 52, 564, 58, 573, 65, 582, 586, 77, 594, 595, 88, 92, 95, 608, 616, 617, 619, 626, 124, 641, 132, 645, 646, 143, 144, 150, 663, 676, 677, 684, 174, 179, 181, 703, 192, 195, 710, 201, 717, 206, 728, 217, 736, 226, 745, 754, 245, 762, 262, 264, 777, 778, 267, 269, 274, 790, 280, 283, 294, 297, 811, 319, 834, 324, 325, 837, 329, 842, 845, 334, 338, 346, 352, 866, 873, 877, 880, 886, 377, 378, 390, 391, 906, 405, 924, 418, 419, 937, 430, 433, 945, 946, 955, 957, 962, 462, 974, 985, 987, 995, 492, 501, 510]
[7, 12, 13, 533, 542, 543, 554, 563, 52, 564, 58, 573, 65, 582, 594, 88, 92, 604, 95, 608, 616, 617, 619, 626, 124, 641, 132, 645, 646, 143, 144, 150, 663, 155, 676, 677, 684, 174, 179, 181, 703, 192, 195, 710, 201, 717, 206, 728, 217, 736, 226, 745, 754, 245, 762, 262, 264, 777, 778, 267, 269, 274, 786, 790, 280, 283, 294, 297, 811, 319, 834, 324, 325, 837, 329, 842, 845, 334, 338, 861, 352, 866, 873, 365, 877, 880, 886, 377, 378, 390, 391, 906, 405, 407, 924, 415, 418, 419, 937, 430, 433, 945, 946, 955, 957, 962, 462, 974, 985, 987, 994, 995, 492, 501, 510]

0.9051724137931034
[1, 518, 522, 535, 555, 47, 48, 49, 51, 564, 53, 566, 57, 60, 66, 580, 581, 70, 585, 75, 81, 598, 599, 89, 622, 629, 119, 633, 635, 124, 125, 127, 128, 129, 641, 133, 135, 136, 648, 146, 661, 155, 667, 671, 675, 167, 171, 697, 698, 188, 189, 706, 198, 202, 214, 227, 742, 749, 238, 239, 765, 772, 263, 776, 777, 783, 790, 284, 801, 303, 816, 316, 830, 319, 834, 836, 328, 840, 841, 333, 845, 849, 338, 850, 852, 344, 349, 364, 878, 887, 900, 907, 910, 404, 918, 412, 415, 416, 426, 941, 947, 436, 960, 458, 972, 464, 988, 990, 485, 491, 494, 503, 509]
[1, 518, 522, 528, 535, 47, 48, 49, 51, 564, 53, 566, 57, 60, 66, 580, 581, 70, 585, 75, 81, 598, 599, 89, 99, 622, 629, 119, 633, 635, 124, 125, 127, 129, 641, 133, 135, 136, 648, 146, 661, 155, 667, 671, 675, 167, 171, 697, 698, 188, 189, 706, 198, 202, 214, 227, 742, 238, 239, 765, 772, 263, 776, 777, 783, 784, 790, 801, 303, 816, 316, 830, 319, 834, 836, 328, 840, 841, 333, 845, 849, 338, 850, 852, 344, 349, 364, 887, 900, 907, 910, 404, 412, 415, 416, 426, 941, 436, 960, 458, 464, 988, 990, 485, 491, 494, 503, 509]

0.8585858585858586
[1, 7, 14, 538, 36, 39, 43, 44, 47, 559, 53, 566, 57, 58, 71, 592, 81, 84, 601, 101, 614, 104, 616, 110, 624, 629, 122, 640, 642, 659, 156, 668, 669, 174, 686, 699, 194, 711, 207, 721, 722, 216, 728, 739, 232, 235, 239, 251, 261, 779, 275, 797, 288, 802, 297, 302, 818, 318, 330, 847, 340, 854, 344, 359, 369, 374, 892, 901, 392, 394, 398, 917, 407, 919, 419, 420, 424, 936, 438, 954, 446, 958, 965, 454, 461, 973, 975, 471, 988, 481, 489, 492, 499]
[1, 7, 14, 538, 542, 36, 39, 43, 44, 47, 559, 53, 566, 57, 58, 71, 592, 81, 84, 601, 101, 614, 104, 616, 624, 629, 122, 127, 640, 642, 659, 156, 668, 669, 174, 699, 192, 194, 711, 207, 721, 722, 216, 728, 739, 232, 235, 239, 249, 261, 779, 275, 797, 288, 802, 297, 818, 330, 847, 850, 340, 854, 344, 359, 369, 374, 892, 901, 392, 394, 917, 407, 919, 419, 420, 424, 936, 438, 954, 446, 958, 965, 454, 973, 975, 981, 471, 988, 481, 492, 499]

0.8916666666666667
[7, 12, 13, 533, 541, 542, 543, 554, 563, 52, 564, 58, 573, 65, 582, 586, 77, 594, 595, 88, 92, 95, 608, 616, 617, 619, 626, 124, 641, 132, 645, 646, 143, 144, 150, 663, 676, 677, 684, 174, 179, 181, 703, 192, 195, 710, 201, 717, 206, 728, 217, 736, 226, 745, 754, 245, 762, 262, 264, 777, 778, 267, 269, 274, 790, 280, 283, 294, 297, 811, 319, 834, 324, 325, 837, 329, 842, 845, 334, 338, 346, 352, 866, 873, 877, 880, 886, 377, 378, 390, 391, 906, 405, 924, 418, 419, 937, 430, 433, 945, 946, 955, 957, 962, 462, 974, 985, 987, 995, 492, 501, 510]
[7, 12, 13, 533, 542, 543, 554, 563, 52, 564, 58, 573, 65, 582, 594, 88, 92, 604, 95, 608, 616, 617, 619, 626, 124, 641, 132, 645, 646, 143, 144, 150, 663, 155, 676, 677, 684, 174, 179, 181, 703, 192, 195, 710, 201, 717, 206, 728, 217, 736, 226, 745, 754, 245, 762, 262, 264, 777, 778, 267, 269, 274, 786, 790, 280, 283, 294, 297, 811, 319, 834, 324, 325, 837, 329, 842, 845, 334, 338, 861, 352, 866, 873, 365, 877, 880, 886, 377, 378, 390, 391, 906, 405, 407, 924, 415, 418, 419, 937, 430, 433, 945, 946, 955, 957, 962, 462, 974, 985, 987, 994, 995, 492, 501, 510]

0.9051724137931034
[1, 518, 522, 535, 555, 47, 48, 49, 51, 564, 53, 566, 57, 60, 66, 580, 581, 70, 585, 75, 81, 598, 599, 89, 622, 629, 119, 633, 635, 124, 125, 127, 128, 129, 641, 133, 135, 136, 648, 146, 661, 155, 667, 671, 675, 167, 171, 697, 698, 188, 189, 706, 198, 202, 214, 227, 742, 749, 238, 239, 765, 772, 263, 776, 777, 783, 790, 284, 801, 303, 816, 316, 830, 319, 834, 836, 328, 840, 841, 333, 845, 849, 338, 850, 852, 344, 349, 364, 878, 887, 900, 907, 910, 404, 918, 412, 415, 416, 426, 941, 947, 436, 960, 458, 972, 464, 988, 990, 485, 491, 494, 503, 509]
[1, 518, 522, 528, 535, 47, 48, 49, 51, 564, 53, 566, 57, 60, 66, 580, 581, 70, 585, 75, 81, 598, 599, 89, 99, 622, 629, 119, 633, 635, 124, 125, 127, 129, 641, 133, 135, 136, 648, 146, 661, 155, 667, 671, 675, 167, 171, 697, 698, 188, 189, 706, 198, 202, 214, 227, 742, 238, 239, 765, 772, 263, 776, 777, 783, 784, 790, 801, 303, 816, 316, 830, 319, 834, 836, 328, 840, 841, 333, 845, 849, 338, 850, 852, 344, 349, 364, 887, 900, 907, 910, 404, 412, 415, 416, 426, 941, 436, 960, 458, 464, 988, 990, 485, 491, 494, 503, 509]

0.8596491228070176
[520, 13, 16, 18, 532, 567, 65, 577, 578, 580, 77, 589, 96, 614, 617, 623, 631, 119, 634, 123, 130, 651, 662, 156, 158, 672, 677, 678, 167, 679, 697, 709, 716, 718, 719, 209, 222, 227, 228, 747, 240, 760, 257, 769, 772, 780, 784, 791, 802, 291, 803, 804, 812, 813, 304, 816, 819, 824, 828, 320, 326, 328, 330, 333, 336, 337, 851, 342, 345, 867, 357, 366, 878, 372, 886, 379, 892, 903, 392, 907, 908, 912, 916, 405, 928, 417, 934, 935, 937, 940, 432, 433, 944, 438, 950, 452, 965, 970, 459, 460, 975, 984, 483, 485, 490, 505, 508, 510]
[520, 13, 16, 532, 562, 567, 65, 577, 578, 77, 589, 96, 614, 617, 623, 631, 119, 634, 123, 130, 651, 662, 156, 158, 672, 677, 678, 167, 679, 697, 709, 716, 718, 719, 209, 219, 222, 227, 228, 747, 240, 257, 769, 780, 784, 791, 802, 291, 803, 804, 295, 810, 812, 813, 819, 824, 828, 320, 326, 328, 330, 333, 336, 337, 851, 342, 345, 867, 357, 366, 878, 369, 372, 886, 379, 903, 392, 907, 908, 912, 916, 405, 928, 417, 934, 935, 937, 940, 432, 944, 950, 958, 452, 965, 459, 460, 975, 984, 483, 485, 490, 505, 508, 510]

0.8636363636363636
[514, 6, 518, 8, 519, 521, 19, 23, 536, 543, 32, 33, 39, 43, 44, 556, 565, 54, 59, 75, 78, 595, 88, 91, 603, 605, 96, 97, 111, 114, 115, 630, 633, 125, 129, 643, 654, 663, 158, 670, 696, 187, 190, 702, 705, 715, 716, 208, 725, 216, 217, 731, 220, 733, 743, 233, 746, 747, 239, 252, 767, 262, 275, 791, 798, 288, 802, 807, 309, 824, 322, 326, 845, 340, 852, 342, 858, 865, 867, 358, 875, 886, 891, 385, 899, 389, 906, 402, 916, 919, 409, 411, 923, 414, 942, 943, 438, 959, 449, 967, 466, 477, 481, 487, 507, 510]
[6, 519, 521, 19, 23, 536, 32, 33, 39, 43, 44, 556, 565, 54, 58, 59, 75, 78, 88, 91, 603, 605, 96, 97, 111, 114, 115, 630, 633, 125, 129, 643, 654, 663, 668, 158, 670, 696, 187, 190, 702, 705, 715, 716, 208, 725, 216, 217, 731, 220, 733, 743, 233, 747, 239, 252, 767, 262, 275, 791, 798, 288, 802, 807, 309, 824, 322, 326, 340, 852, 858, 865, 867, 358, 374, 886, 891, 385, 899, 389, 906, 402, 916, 919, 409, 411, 923, 414, 942, 943, 438, 441, 959, 449, 967, 477, 481, 487, 507]

0.9051724137931034
[1, 518, 522, 535, 555, 47, 48, 49, 51, 564, 53, 566, 57, 60, 66, 580, 581, 70, 585, 75, 81, 598, 599, 89, 622, 629, 119, 633, 635, 124, 125, 127, 128, 129, 641, 133, 135, 136, 648, 146, 661, 155, 667, 671, 675, 167, 171, 697, 698, 188, 189, 706, 198, 202, 214, 227, 742, 749, 238, 239, 765, 772, 263, 776, 777, 783, 790, 284, 801, 303, 816, 316, 830, 319, 834, 836, 328, 840, 841, 333, 845, 849, 338, 850, 852, 344, 349, 364, 878, 887, 900, 907, 910, 404, 918, 412, 415, 416, 426, 941, 947, 436, 960, 458, 972, 464, 988, 990, 485, 491, 494, 503, 509]
[1, 518, 522, 528, 535, 47, 48, 49, 51, 564, 53, 566, 57, 60, 66, 580, 581, 70, 585, 75, 81, 598, 599, 89, 99, 622, 629, 119, 633, 635, 124, 125, 127, 129, 641, 133, 135, 136, 648, 146, 661, 155, 667, 671, 675, 167, 171, 697, 698, 188, 189, 706, 198, 202, 214, 227, 742, 238, 239, 765, 772, 263, 776, 777, 783, 784, 790, 801, 303, 816, 316, 830, 319, 834, 836, 328, 840, 841, 333, 845, 849, 338, 850, 852, 344, 349, 364, 887, 900, 907, 910, 404, 412, 415, 416, 426, 941, 436, 960, 458, 464, 988, 990, 485, 491, 494, 503, 509]

0.8585858585858586
[1, 7, 14, 538, 36, 39, 43, 44, 47, 559, 53, 566, 57, 58, 71, 592, 81, 84, 601, 101, 614, 104, 616, 110, 624, 629, 122, 640, 642, 659, 156, 668, 669, 174, 686, 699, 194, 711, 207, 721, 722, 216, 728, 739, 232, 235, 239, 251, 261, 779, 275, 797, 288, 802, 297, 302, 818, 318, 330, 847, 340, 854, 344, 359, 369, 374, 892, 901, 392, 394, 398, 917, 407, 919, 419, 420, 424, 936, 438, 954, 446, 958, 965, 454, 461, 973, 975, 471, 988, 481, 489, 492, 499]
[1, 7, 14, 538, 542, 36, 39, 43, 44, 47, 559, 53, 566, 57, 58, 71, 592, 81, 84, 601, 101, 614, 104, 616, 624, 629, 122, 127, 640, 642, 659, 156, 668, 669, 174, 699, 192, 194, 711, 207, 721, 722, 216, 728, 739, 232, 235, 239, 249, 261, 779, 275, 797, 288, 802, 297, 818, 330, 847, 850, 340, 854, 344, 359, 369, 374, 892, 901, 392, 394, 917, 407, 919, 419, 420, 424, 936, 438, 954, 446, 958, 965, 454, 973, 975, 981, 471, 988, 481, 492, 499]

0.9051724137931034
[1, 518, 522, 535, 555, 47, 48, 49, 51, 564, 53, 566, 57, 60, 66, 580, 581, 70, 585, 75, 81, 598, 599, 89, 622, 629, 119, 633, 635, 124, 125, 127, 128, 129, 641, 133, 135, 136, 648, 146, 661, 155, 667, 671, 675, 167, 171, 697, 698, 188, 189, 706, 198, 202, 214, 227, 742, 749, 238, 239, 765, 772, 263, 776, 777, 783, 790, 284, 801, 303, 816, 316, 830, 319, 834, 836, 328, 840, 841, 333, 845, 849, 338, 850, 852, 344, 349, 364, 878, 887, 900, 907, 910, 404, 918, 412, 415, 416, 426, 941, 947, 436, 960, 458, 972, 464, 988, 990, 485, 491, 494, 503, 509]
[1, 518, 522, 528, 535, 47, 48, 49, 51, 564, 53, 566, 57, 60, 66, 580, 581, 70, 585, 75, 81, 598, 599, 89, 99, 622, 629, 119, 633, 635, 124, 125, 127, 129, 641, 133, 135, 136, 648, 146, 661, 155, 667, 671, 675, 167, 171, 697, 698, 188, 189, 706, 198, 202, 214, 227, 742, 238, 239, 765, 772, 263, 776, 777, 783, 784, 790, 801, 303, 816, 316, 830, 319, 834, 836, 328, 840, 841, 333, 845, 849, 338, 850, 852, 344, 349, 364, 887, 900, 907, 910, 404, 412, 415, 416, 426, 941, 436, 960, 458, 464, 988, 990, 485, 491, 494, 503, 509]

0.8596491228070176
[520, 13, 16, 18, 532, 567, 65, 577, 578, 580, 77, 589, 96, 614, 617, 623, 631, 119, 634, 123, 130, 651, 662, 156, 158, 672, 677, 678, 167, 679, 697, 709, 716, 718, 719, 209, 222, 227, 228, 747, 240, 760, 257, 769, 772, 780, 784, 791, 802, 291, 803, 804, 812, 813, 304, 816, 819, 824, 828, 320, 326, 328, 330, 333, 336, 337, 851, 342, 345, 867, 357, 366, 878, 372, 886, 379, 892, 903, 392, 907, 908, 912, 916, 405, 928, 417, 934, 935, 937, 940, 432, 433, 944, 438, 950, 452, 965, 970, 459, 460, 975, 984, 483, 485, 490, 505, 508, 510]
[520, 13, 16, 532, 562, 567, 65, 577, 578, 77, 589, 96, 614, 617, 623, 631, 119, 634, 123, 130, 651, 662, 156, 158, 672, 677, 678, 167, 679, 697, 709, 716, 718, 719, 209, 219, 222, 227, 228, 747, 240, 257, 769, 780, 784, 791, 802, 291, 803, 804, 295, 810, 812, 813, 819, 824, 828, 320, 326, 328, 330, 333, 336, 337, 851, 342, 345, 867, 357, 366, 878, 369, 372, 886, 379, 903, 392, 907, 908, 912, 916, 405, 928, 417, 934, 935, 937, 940, 432, 944, 950, 958, 452, 965, 459, 460, 975, 984, 483, 485, 490, 505, 508, 510]
